[mean]
S2_B1 = 0.311038
S2_B2 = 0.261175
S2_B3 = 0.261553
S2_B4 = 0.239873
S2_B5 = 0.319279
S2_B6 = 0.578055
S2_B7 = 0.682268
S2_B8 = 0.660306
S2_B8A = 0.74083
S2_B9 = 0.211118
S2_B10 = 0.00808
S2_B11 = 0.550639
S2_B12 = 0.337544

[std]
S2_B1 = 0.042615
S2_B2 = 0.046579
S2_B3 = 0.046181
S2_B4 = 0.047380
S2_B5 = 0.045340
S2_B6 = 0.037634
S2_B7 = 0.037972
S2_B8 = 0.037948
S2_B8A = 0.03940
S2_B9 = 0.026808
S2_B10 = 0.00285
S2_B11 = 0.04223
S2_B12 = 0.04378